wind_coeff_matrix = [0 298.04 0 0 0 -2355.232759 0
                    ;10 318.23 61.332 0 275.994 -2514.732759 551.1
                    ; 20 268.96 136.22 0 612.99 -2125.37069 661.56 
                    ; 30 178.84 238.76 0 1074.42 -1413.215517 451.37
                    ; 40 161.23 319.42 0 1437.39 -1274.103448 212.51
                    ; 50 116.16 380.5 0 1712.25 -917.9310345 -23.578 
                    ; 60 49.64 396.1 0 1782.45 -392.2448276 1168.3
                    ; 70 19.77 372.96 0 1678.32 -156.2474138 2376.3
                    ; 80 0.36 376.5 0 1694.25 -2.883896552 3511.9
                    ; 90 -4.47 390.01 0 1755.045 35.30431034 4610.4
                    ; 100 -29.85 386.63 0 1739.835 235.9215517 4769.5 
                    ;  110 -73.54 393.76 0 1771.92 581.112931 5921.9 
                    ; 120 -130.20 408.66 0 1838.97 1028.87931 6542.8
                    ; 130 -203.22 393.26 0 1769.67 1605.905172 6805.2
                    ; 140 -247.96 276.93 0 1246.185 1959.422414 6751.5 
                    ; 150 -242.39 200.64 0 902.88 1915.422414 6190.1
                    ; 160 -235.81 124.71 0 561.195 1863.456897 3758.8 
                    ; 170 -217.84 56.27 0 253.215 1721.405172 1905.6
                    ; 180 -249.86 0 0 0 1974.5 0
                    ; 190 -217.84 -56.27 0 -253.215 1721.405172 -1905.6
                    ;200 -235.81 -124.71 0 -561.195 1863.456897 -3758.8
                    ;210 -242.39 -200.64 0 -902.88 1915.422414 -6190.1
                    ;220 -247.96 -276.93 0 -1246.185 1959.422414 -6751.5
                    ;230 -203.22 -393.26 0 -1769.67 1605.905172 -6805.2
                    ;240 -130.20 -408.66 0 -1838.97 1028.87931 -6542.8
                    ;250 -73.54 -393.76 0 -1771.92 581.112931 -5921.9
                    ;260 -29.85 -386.63 0 -1739.835 235.9215517 -4769.5
                    ;270 -4.47 -390.01 0 -1755.045 35.30431034 -4610.4
                    ;280 0.36 -376.5 0 -1694.25 -2.883896552 -3511.9
                    ;290 19.77 -372.96 0 -1678.32 -156.2474138 -2376.3
                    ;300 49.64 -396.1 0 -1782.45 -392.2448276 -1168.3
                    ;310 116.16 -380.5 0 -1712.25 -917.9310345 23.578
                    ;320 161.23 -319.42 0 -1437.39 -1274.103448 -212.51
                    ;330 178.84 -238.76 0 -1074.42 -1413.215517 -451.37
                    ;340 268.96 -136.22 0 -612.99 -2125.37069 -661.56
                    ;350 318.23 -61.332 0 -275.994 -2514.732759 -551.1
                    ;360 298.04 0 0 0 -2355.232759 0 ];
                wind_coeff_matrix(:,1) = [];